Windows Registry Editor Version 5.00

; Source: https://adakkusu-san.github.io/wintheme/old/index.html

[HKEY_CURRENT_USER\Control Panel\Appearance\ClassicSchemes\Adakkusu - O-Aerolite-Copy]
"Color0"=dword:00534741
"Color1"=dword:00a56e39
"Color2"=dword:001e1e1e
"Color3"=dword:00333333
"Color4"=dword:00372f2b
"Color5"=dword:00cccccc
"Color6"=dword:00333333
"Color7"=dword:00ffffff
"Color8"=dword:00000000
"Color9"=dword:00ffffff
"Color10"=dword:00372f2b
"Color11"=dword:00372f2b
"Color12"=dword:00251f1d
"Color13"=dword:00cc6600
"Color14"=dword:00ffffff
"Color15"=dword:00c8d0d4
"Color16"=dword:00241f1c
"Color17"=dword:00241f1c
"Color18"=dword:00000000
"Color19"=dword:00a0a0a0
"Color20"=dword:00a5948b
"Color21"=dword:00404040
"Color22"=dword:00372f2b
"Color23"=dword:00ffffff
"Color24"=dword:001e0000
"Color25"=dword:00b5b5b5
"Color26"=dword:00800000
"Color27"=dword:001e1e1e
"Color28"=dword:00333333
"Color29"=dword:00cc6600
"Color30"=dword:00c8d0d4
"FlatMenus"=dword:00000001
"Gradients"=dword:00000001
"SelectedSize"="Normal"

[HKEY_CURRENT_USER\Control Panel\Appearance\ClassicSchemes\Adakkusu - O-Aerolite-Copy\Normal]
"Font0"=hex:f5,ff,ff,ff,00,00,00,00,00,00,00,00,00,00,00,00,bc,02,00,00,00,00,\
  00,00,00,00,00,00,54,00,61,00,68,00,6f,00,6d,00,61,00,00,00,00,00,00,00,00,\
  00,00,00,00,00,00,00,00,00,00,00,00,00,00,00,00,00,00,00,00,00,00,00,00,00,\
  00,00,00,00,00,00,00,00,00,00,00,00,00,00,00,00,00,00,00,00
"Font1"=hex:f5,ff,ff,ff,00,00,00,00,00,00,00,00,00,00,00,00,bc,02,00,00,00,00,\
  00,00,00,00,00,00,54,00,61,00,68,00,6f,00,6d,00,61,00,00,00,00,00,00,00,00,\
  00,00,00,00,00,00,00,00,00,00,00,00,00,00,00,00,00,00,00,00,00,00,00,00,00,\
  00,00,00,00,00,00,00,00,00,00,00,00,00,00,00,00,00,00,00,00
"Font2"=hex:f5,ff,ff,ff,00,00,00,00,00,00,00,00,00,00,00,00,90,01,00,00,00,00,\
  00,00,00,00,00,00,54,00,61,00,68,00,6f,00,6d,00,61,00,00,00,00,00,00,00,00,\
  00,00,00,00,00,00,00,00,00,00,00,00,00,00,00,00,00,00,00,00,00,00,00,00,00,\
  00,00,00,00,00,00,00,00,00,00,00,00,00,00,00,00,00,00,00,00
"Font3"=hex:f5,ff,ff,ff,00,00,00,00,00,00,00,00,00,00,00,00,90,01,00,00,00,00,\
  00,00,00,00,00,00,54,00,61,00,68,00,6f,00,6d,00,61,00,00,00,00,00,00,00,00,\
  00,00,00,00,00,00,00,00,00,00,00,00,00,00,00,00,00,00,00,00,00,00,00,00,00,\
  00,00,00,00,00,00,00,00,00,00,00,00,00,00,00,00,00,00,00,00
"Font4"=hex:f5,ff,ff,ff,00,00,00,00,00,00,00,00,00,00,00,00,90,01,00,00,00,00,\
  00,00,00,00,00,00,54,00,61,00,68,00,6f,00,6d,00,61,00,00,00,00,00,00,00,00,\
  00,00,00,00,00,00,00,00,00,00,00,00,00,00,00,00,00,00,00,00,00,00,00,00,00,\
  00,00,00,00,00,00,00,00,00,00,00,00,00,00,00,00,00,00,00,00
"Font5"=hex:f5,ff,ff,ff,00,00,00,00,00,00,00,00,00,00,00,00,90,01,00,00,00,00,\
  00,00,00,00,00,00,54,00,61,00,68,00,6f,00,6d,00,61,00,00,00,00,00,00,00,00,\
  00,00,00,00,00,00,00,00,00,00,00,00,00,00,00,00,00,00,00,00,00,00,00,00,00,\
  00,00,00,00,00,00,00,00,00,00,00,00,00,00,00,00,00,00,00,00
"Size0"=dword:00000001
"Size1"=dword:00000010
"Size2"=dword:00000010
"Size3"=dword:00000012
"Size4"=dword:00000012
"Size5"=dword:0000000f
"Size6"=dword:0000000f
"Size7"=dword:00000012
"Size8"=dword:00000012
"Size9"=dword:00000000
